37
CO1A2|Homo_sapiens                          0.0000000 0.1275145 0.0781535 0.1275145 0.1360757 0.1377060 0.0047823 0.2123284 0.1900365 0.1239954 0.1136558 0.0783381 0.4718465 0.0885551 0.3249724 0.4179981 0.4599923 0.4516857 0.5064175 0.4763120 0.4625828 0.1266212 0.4246966 0.5073625 0.1078095 0.4719182 0.4998851 0.8873544 0.8396501 0.8955614 0.9200616 0.8597386 0.8633139 0.8853005 0.9175379 0.8495052 0.9081993 
NP_031769.2|Mus_musculus                    0.1275145 0.0000000 0.1238154 0.0000010 0.0898438 0.1526499 0.1368412 0.2518099 0.2350739 0.1363991 0.1648399 0.1314770 0.5289550 0.1257816 0.3842135 0.4633322 0.5155883 0.5016754 0.5631674 0.5253730 0.4954507 0.1486323 0.4618595 0.5672555 0.0758766 0.5414774 0.5569643 0.8999304 0.8542049 0.9111620 0.9516094 0.8889451 0.8846511 0.8999958 0.9360477 0.8392115 0.8894413 
NP_001003187.1|Canis_lupus_familiaris       0.0781535 0.1238154 0.0000000 0.1238154 0.1364270 0.1154234 0.0882810 0.2155919 0.1851712 0.1212891 0.0944005 0.0317923 0.4758236 0.0364091 0.3003554 0.4110919 0.4704134 0.4637430 0.5168911 0.4893740 0.4690362 0.1142677 0.4217334 0.5168111 0.0978029 0.4826394 0.5212330 0.9122814 0.8432436 0.9023231 0.9222985 0.8658230 0.8623295 0.8942466 0.9301188 0.8451866 0.8958973 
QTG40775.1|Cloning_vector_pRP-mChery-col1a2 0.1275145 0.0000010 0.1238154 0.0000000 0.0898438 0.1526499 0.1368412 0.2518099 0.2350739 0.1363991 0.1648399 0.1314770 0.5289550 0.1257816 0.3842135 0.4633322 0.5155883 0.5016754 0.5631674 0.5253730 0.4954507 0.1486323 0.4618595 0.5672555 0.0758766 0.5414774 0.5569643 0.8999304 0.8542049 0.9111620 0.9516094 0.8889451 0.8846511 0.8999958 0.9360477 0.8392115 0.8894413 
XP_051007948.1|Acomys_russatus              0.1360757 0.0898438 0.1364270 0.0898438 0.0000000 0.1690404 0.1362346 0.2521509 0.2227831 0.1470737 0.1813422 0.1513673 0.5146150 0.1474811 0.4016389 0.4657021 0.5246985 0.4967740 0.5552186 0.5405663 0.4904518 0.1505439 0.4696251 0.5663450 0.0816220 0.5439410 0.5641287 0.8828435 0.8357799 0.9381674 0.9488223 0.8899419 0.8991451 0.9188457 0.9524969 0.8775861 0.9223199 
XP_049641154.1|Suncus_etruscus              0.1377060 0.1526499 0.1154234 0.1526499 0.1690404 0.0000000 0.1581775 0.2082963 0.2063809 0.1662678 0.1417433 0.1171299 0.4907542 0.1156467 0.3586100 0.4377279 0.4809431 0.4743613 0.5329268 0.5030702 0.4861008 0.1674127 0.4358735 0.5361639 0.1424237 0.5010433 0.5262417 0.9229570 0.8621546 0.9093709 0.9275501 0.8497194 0.8677277 0.8951764 0.9305017 0.8482886 0.8936742 
EAW76795.1|Homo_sapiens                     0.0047823 0.1368412 0.0882810 0.1368412 0.1362346 0.1581775 0.0000000 0.2295345 0.2096662 0.1244913 0.1288100 0.0858999 0.5645864 0.1095945 0.4664252 0.4919845 0.5373336 0.5419321 0.5985183 0.5597544 0.5483461 0.1223918 0.5215797 0.6302279 0.1115325 0.5622646 0.5943544 1.0491920 0.9505597 0.9584573 0.9992376 0.9403263 0.9717263 0.9440012 1.0439609 0.9024777 0.9685131 
XP_028926373.1|Ornithorhynchus_anatinus     0.2123284 0.2518099 0.2155919 0.2518099 0.2521509 0.2082963 0.2295345 0.0000000 0.2049856 0.2258722 0.2441746 0.2137252 0.4240693 0.2051904 0.4808811 0.3855337 0.4040259 0.4039389 0.4923098 0.4567376 0.4306399 0.2380926 0.3892080 0.4791784 0.2295466 0.4517264 0.4596819 0.8935063 0.8396212 0.8993671 0.9122193 0.8434311 0.8622659 0.8742751 0.9385844 0.8421271 0.8931010 
XP_020855640.1|Phascolarctos_cinereus       0.1900365 0.2350739 0.1851712 0.2350739 0.2227831 0.2063809 0.2096662 0.2049856 0.0000000 0.2092704 0.2227920 0.1929145 0.4770004 0.1880656 0.4556717 0.4138928 0.4340100 0.4583456 0.5193647 0.4981285 0.4779333 0.2149244 0.4003598 0.5062222 0.2047529 0.4923304 0.5168636 0.8908155 0.8450833 0.9402586 0.9312115 0.8564721 0.8423735 0.9209220 0.9106795 0.8500372 0.9191393 
KFO23903.1|Fukomys_damarensis               0.1239954 0.1363991 0.1212891 0.1363991 0.1470737 0.1662678 0.1244913 0.2258722 0.2092704 0.0000000 0.1507051 0.1195144 0.4914123 0.1278615 0.3679894 0.4331616 0.5002970 0.4764320 0.5400412 0.5087845 0.4825343 0.1444385 0.4413947 0.5277737 0.1036100 0.4958398 0.5337357 0.9092946 0.8498934 0.9235790 0.9199355 0.8588672 0.8925617 0.8973969 0.9358838 0.8510637 0.9063941 
TEA24756.1|Sousa_chinensis                  0.1136558 0.1648399 0.0944005 0.1648399 0.1813422 0.1417433 0.1288100 0.2441746 0.2227920 0.1507051 0.0000000 0.0965693 0.5058420 0.1051370 0.2638955 0.4413789 0.4898778 0.5016726 0.5461506 0.5161579 0.5058270 0.1468143 0.4307587 0.5499170 0.1479643 0.4971116 0.5329777 0.9467732 0.8897644 0.9128079 0.9431417 0.8847591 0.8989414 0.8968023 0.9310451 0.8499850 0.9140135 
XP_040328586.1|Puma_yagouaroundi            0.0783381 0.1314770 0.0317923 0.1314770 0.1513673 0.1171299 0.0858999 0.2137252 0.1929145 0.1195144 0.0965693 0.0000000 0.4728256 0.0323431 0.1179459 0.4238778 0.4807844 0.4516284 0.5204695 0.4935535 0.4710876 0.1195222 0.4180029 0.5093430 0.1096059 0.4984147 0.5200659 0.9182246 0.8577251 0.9100667 0.9556334 0.8851053 0.8603850 0.9068535 0.9158310 0.8354446 0.8966724 
NP_001080727.1|Xenopus_laevis               0.4718465 0.5289550 0.4758236 0.5289550 0.5146150 0.4907542 0.5645864 0.4240693 0.4770004 0.4914123 0.5058420 0.4728256 0.0000000 0.4638994 0.8409542 0.3316899 0.2861625 0.1966881 0.2941230 0.2888199 0.2526578 0.5632403 0.3581020 0.4753749 0.5069180 0.2888041 0.2751043 0.8329266 0.8556395 0.9352594 0.9934458 0.9019652 0.9086624 0.9177596 0.9727983 0.8790181 0.9201507 
EFB18514.1|Ailuropoda_melanoleuca           0.0885551 0.1257816 0.0364091 0.1257816 0.1474811 0.1156467 0.1095945 0.2051904 0.1880656 0.1278615 0.1051370 0.0323431 0.4638994 0.0000000 0.0863916 0.4108180 0.4667657 0.4437395 0.5069011 0.4889027 0.4660693 0.1201014 0.3983193 0.5051628 0.1067611 0.4836743 0.5025716 0.9202551 0.8525592 0.9134935 0.9470461 0.8796158 0.8512418 0.8989146 0.9010081 0.8247140 0.8792950 
MXQ83349.1|Bos_mutus                        0.3249724 0.3842135 0.3003554 0.3842135 0.4016389 0.3586100 0.4664252 0.4808811 0.4556717 0.3679894 0.2638955 0.1179459 0.8409542 0.0863916 0.0000000 0.7557766 0.8266094 0.8307661 0.8886038 0.8416765 0.8206718 0.4557300 0.7555841 0.8676727 0.3659801 0.8401991 0.8697027 1.4075588 1.3144580 1.4089210 1.4533997 1.3350791 1.3495319 1.3805070 1.3901421 1.2764177 1.3975969 
ADZ04657.1|Ambystoma_mexicanum              0.4179981 0.4633322 0.4110919 0.4633322 0.4657021 0.4377279 0.4919845 0.3855337 0.4138928 0.4331616 0.4413789 0.4238778 0.3316899 0.4108180 0.7557766 0.0000000 0.3457817 0.3217745 0.3764672 0.3866634 0.3267235 0.5098335 0.3086108 0.3916658 0.4475233 0.3609180 0.3641401 0.8421229 0.8682696 0.9477103 0.9384845 0.8695712 0.8784516 0.9326886 0.9297554 0.8570046 0.8901641 
XP_053322408.1|Spea_bombifrons              0.4599923 0.5155883 0.4704134 0.5155883 0.5246985 0.4809431 0.5373336 0.4040259 0.4340100 0.5002970 0.4898778 0.4807844 0.2861625 0.4667657 0.8266094 0.3457817 0.0000000 0.2487666 0.2645415 0.2373331 0.2292579 0.5383760 0.3837110 0.4697771 0.4914774 0.2767026 0.2380275 0.8660673 0.8841290 0.9198772 0.9303818 0.8709403 0.8687418 0.9198069 0.9111878 0.8431986 0.9107509 
KAG8443132.1|Hymenochirus_boettgeri         0.4516857 0.5016754 0.4637430 0.5016754 0.4967740 0.4743613 0.5419321 0.4039389 0.4583456 0.4764320 0.5016726 0.4516284 0.1966881 0.4437395 0.8307661 0.3217745 0.2487666 0.0000000 0.2887019 0.2750975 0.2532082 0.5437664 0.3466626 0.4341384 0.4932984 0.2721661 0.2830572 0.7736355 0.8187882 0.9457526 0.9354658 0.8926680 0.8695025 0.9346148 0.9279940 0.8673940 0.9164818 
KAG9472320.1|Eleutherodactylus_coqui        0.5064175 0.5631674 0.5168911 0.5631674 0.5552186 0.5329268 0.5985183 0.4923098 0.5193647 0.5400412 0.5461506 0.5204695 0.2941230 0.5069011 0.8886038 0.3764672 0.2645415 0.2887019 0.0000000 0.1864308 0.2631402 0.6215819 0.4024753 0.4852755 0.5264988 0.2396539 0.1885861 0.8982568 0.8890852 0.9556714 0.9679908 0.9280340 0.8941313 0.9540054 0.9613205 0.8884512 0.9300942 
XP_040289994.1|Bufo_bufo                    0.4763120 0.5253730 0.4893740 0.5253730 0.5405663 0.5030702 0.5597544 0.4567376 0.4981285 0.5087845 0.5161579 0.4935535 0.2888199 0.4889027 0.8416765 0.3866634 0.2373331 0.2750975 0.1864308 0.0000000 0.2374045 0.5642052 0.3962868 0.4896518 0.5134953 0.2156054 0.1889200 0.8621463 0.8597933 0.9763859 0.9728175 0.9202206 0.8975545 0.9581559 0.9440157 0.8862735 0.9322055 
XP_053570034.1|Bombina_bombina              0.4625828 0.4954507 0.4690362 0.4954507 0.4904518 0.4861008 0.5483461 0.4306399 0.4779333 0.4825343 0.5058270 0.4710876 0.2526578 0.4660693 0.8206718 0.3267235 0.2292579 0.2532082 0.2631402 0.2374045 0.0000000 0.5412202 0.3504383 0.4371154 0.4777631 0.2514472 0.2506836 0.7972739 0.8166384 0.9606776 0.9515506 0.9080313 0.8886443 0.9598489 0.9493375 0.8738738 0.8869051 
C0HLJ6.1|Megatherium_americanum             0.1266212 0.1486323 0.1142677 0.1486323 0.1505439 0.1674127 0.1223918 0.2380926 0.2149244 0.1444385 0.1468143 0.1195222 0.5632403 0.1201014 0.4557300 0.5098335 0.5383760 0.5437664 0.6215819 0.5642052 0.5412202 0.0000000 0.4941601 0.6190653 0.1177957 0.5976537 0.6163739 1.0090825 0.9495395 0.9863966 1.0352017 0.9606333 0.9882161 0.9652582 1.0331860 0.9209882 0.9952925 
XP_029444760.1|Rhinatrema_bivittatum        0.4246966 0.4618595 0.4217334 0.4618595 0.4696251 0.4358735 0.5215797 0.3892080 0.4003598 0.4413947 0.4307587 0.4180029 0.3581020 0.3983193 0.7555841 0.3086108 0.3837110 0.3466626 0.4024753 0.3962868 0.3504383 0.4941601 0.0000000 0.2871313 0.4372008 0.4128095 0.4007396 0.8161239 0.8246398 0.9309112 0.9563781 0.9451362 0.9224216 0.9178235 0.9612158 0.8594811 0.9044414 
XP_030056470.1|Microcaecilia_unicolor       0.5073625 0.5672555 0.5168111 0.5672555 0.5663450 0.5361639 0.6302279 0.4791784 0.5062222 0.5277737 0.5499170 0.5093430 0.4753749 0.5051628 0.8676727 0.3916658 0.4697771 0.4341384 0.4852755 0.4896518 0.4371154 0.6190653 0.2871313 0.0000000 0.5443361 0.4794331 0.4950903 0.9136169 0.9499498 1.0536796 1.0948549 1.0164439 1.0398254 1.0530961 1.0933100 0.9828888 1.0106531 
XP_029414203.1|Nannospalax_galili           0.1078095 0.0758766 0.0978029 0.0758766 0.0816220 0.1424237 0.1115325 0.2295466 0.2047529 0.1036100 0.1479643 0.1096059 0.5069180 0.1067611 0.3659801 0.4475233 0.4914774 0.4932984 0.5264988 0.5134953 0.4777631 0.1177957 0.4372008 0.5443361 0.0000000 0.5010658 0.5275415 0.8516390 0.7903122 0.9134601 0.9696595 0.9113453 0.8904783 0.8931611 0.9321038 0.8706297 0.9125409 
XP_018416270.1|Nanorana_parkeri             0.4719182 0.5414774 0.4826394 0.5414774 0.5439410 0.5010433 0.5622646 0.4517264 0.4923304 0.4958398 0.4971116 0.4984147 0.2888041 0.4836743 0.8401991 0.3609180 0.2767026 0.2721661 0.2396539 0.2156054 0.2514472 0.5976537 0.4128095 0.4794331 0.5010658 0.0000000 0.2188820 0.8645239 0.8781951 0.9731488 0.9626722 0.9127341 0.8556646 0.9521511 0.9182202 0.8631905 0.9381599 
KAG8548509.1|Engystomops_pustulosus         0.4998851 0.5569643 0.5212330 0.5569643 0.5641287 0.5262417 0.5943544 0.4596819 0.5168636 0.5337357 0.5329777 0.5200659 0.2751043 0.5025716 0.8697027 0.3641401 0.2380275 0.2830572 0.1885861 0.1889200 0.2506836 0.6163739 0.4007396 0.4950903 0.5275415 0.2188820 0.0000000 0.8737235 0.8705293 0.9484514 0.9269405 0.8997952 0.8899756 0.9479272 0.9423660 0.8598726 0.9322285 
XP_041040372.1|Carcharodon_carcharias       0.8873544 0.8999304 0.9122814 0.8999304 0.8828435 0.9229570 1.0491920 0.8935063 0.8908155 0.9092946 0.9467732 0.9182246 0.8329266 0.9202551 1.4075588 0.8421229 0.8660673 0.7736355 0.8982568 0.8621463 0.7972739 1.0090825 0.8161239 0.9136169 0.8516390 0.8645239 0.8737235 0.0000000 0.2748038 1.0098583 0.9657366 0.9256128 0.8976775 1.0120703 0.9631240 1.0001545 1.0640694 
XP_020371053.1|Rhincodon_typus              0.8396501 0.8542049 0.8432436 0.8542049 0.8357799 0.8621546 0.9505597 0.8396212 0.8450833 0.8498934 0.8897644 0.8577251 0.8556395 0.8525592 1.3144580 0.8682696 0.8841290 0.8187882 0.8890852 0.8597933 0.8166384 0.9495395 0.8246398 0.9499498 0.7903122 0.8781951 0.8705293 0.2748038 0.0000000 0.9700381 0.9463081 0.8869660 0.8649743 0.9888247 0.9213847 0.9543502 1.0150361 
XP_035510856.1|Morone_saxatilis             0.8955614 0.9111620 0.9023231 0.9111620 0.9381674 0.9093709 0.9584573 0.8993671 0.9402586 0.9235790 0.9128079 0.9100667 0.9352594 0.9134935 1.4089210 0.9477103 0.9198772 0.9457526 0.9556714 0.9763859 0.9606776 0.9863966 0.9309112 1.0536796 0.9134601 0.9731488 0.9484514 1.0098583 0.9700381 0.0000000 0.5760057 0.5254693 0.5239405 0.0899848 0.5677975 0.3169248 0.4093573 
UNJ97021.1|Eptatretus_burgeri               0.9200616 0.9516094 0.9222985 0.9516094 0.9488223 0.9275501 0.9992376 0.9122193 0.9312115 0.9199355 0.9431417 0.9556334 0.9934458 0.9470461 1.4533997 0.9384845 0.9303818 0.9354658 0.9679908 0.9728175 0.9515506 1.0352017 0.9563781 1.0948549 0.9696595 0.9626722 0.9269405 0.9657366 0.9463081 0.5760057 0.0000000 0.3296188 0.3649307 0.5834735 0.3688015 0.5181861 0.6366704 
XP_032813113.1|Petromyzon_marinus           0.8597386 0.8889451 0.8658230 0.8889451 0.8899419 0.8497194 0.9403263 0.8434311 0.8564721 0.8588672 0.8847591 0.8851053 0.9019652 0.8796158 1.3350791 0.8695712 0.8709403 0.8926680 0.9280340 0.9202206 0.9080313 0.9606333 0.9451362 1.0164439 0.9113453 0.9127341 0.8997952 0.9256128 0.8869660 0.5254693 0.3296188 0.0000000 0.2935886 0.5373187 0.3071084 0.4944981 0.6219066 
XP_053311794.1|Spea_bombifrons              0.8633139 0.8846511 0.8623295 0.8846511 0.8991451 0.8677277 0.9717263 0.8622659 0.8423735 0.8925617 0.8989414 0.8603850 0.9086624 0.8512418 1.3495319 0.8784516 0.8687418 0.8695025 0.8941313 0.8975545 0.8886443 0.9882161 0.9224216 1.0398254 0.8904783 0.8556646 0.8899756 0.8976775 0.8649743 0.5239405 0.3649307 0.2935886 0.0000000 0.5166990 0.1363973 0.4947109 0.5863216 
XP_045926300.1|Micropterus_dolomieu         0.8853005 0.8999958 0.8942466 0.8999958 0.9188457 0.8951764 0.9440012 0.8742751 0.9209220 0.8973969 0.8968023 0.9068535 0.9177596 0.8989146 1.3805070 0.9326886 0.9198069 0.9346148 0.9540054 0.9581559 0.9598489 0.9652582 0.9178235 1.0530961 0.8931611 0.9521511 0.9479272 1.0120703 0.9888247 0.0899848 0.5834735 0.5373187 0.5166990 0.0000000 0.5629704 0.3339167 0.4177588 
XP_033794799.1|Geotrypetes_seraphini        0.9175379 0.9360477 0.9301188 0.9360477 0.9524969 0.9305017 1.0439609 0.9385844 0.9106795 0.9358838 0.9310451 0.9158310 0.9727983 0.9010081 1.3901421 0.9297554 0.9111878 0.9279940 0.9613205 0.9440157 0.9493375 1.0331860 0.9612158 1.0933100 0.9321038 0.9182202 0.9423660 0.9631240 0.9213847 0.5677975 0.3688015 0.3071084 0.1363973 0.5629704 0.0000000 0.5415534 0.6265882 
TFK10573.1|Platysternon_megacephalum        0.8495052 0.8392115 0.8451866 0.8392115 0.8775861 0.8482886 0.9024777 0.8421271 0.8500372 0.8510637 0.8499850 0.8354446 0.8790181 0.8247140 1.2764177 0.8570046 0.8431986 0.8673940 0.8884512 0.8862735 0.8738738 0.9209882 0.8594811 0.9828888 0.8706297 0.8631905 0.8598726 1.0001545 0.9543502 0.3169248 0.5181861 0.4944981 0.4947109 0.3339167 0.5415534 0.0000000 0.4284266 
XP_043869618.1|Solea_senegalensis           0.9081993 0.8894413 0.8958973 0.8894413 0.9223199 0.8936742 0.9685131 0.8931010 0.9191393 0.9063941 0.9140135 0.8966724 0.9201507 0.8792950 1.3975969 0.8901641 0.9107509 0.9164818 0.9300942 0.9322055 0.8869051 0.9952925 0.9044414 1.0106531 0.9125409 0.9381599 0.9322285 1.0640694 1.0150361 0.4093573 0.6366704 0.6219066 0.5863216 0.4177588 0.6265882 0.4284266 0.0000000 
