37
CO1A2|Homo_sapiens                          0.0000000 0.1498638 0.0910415 0.1498638 0.1602605 0.1621154 0.0058657 0.2540564 0.2267971 0.1461954 0.1336547 0.0931329 0.5979559 0.1059680 0.4069688 0.5238040 0.5808294 0.5704060 0.6457200 0.6044721 0.5833361 0.1579866 0.5321235 0.6481170 0.1295677 0.5963940 0.6378077 1.2305995 1.1562580 1.2367739 1.2816760 1.1809490 1.1881558 1.2182948 1.2778177 1.1643620 1.2627649 
NP_031769.2|Mus_musculus                    0.1498638 0.0000000 0.1453951 0.0000010 0.1045170 0.1803390 0.1742473 0.3036122 0.2823867 0.1610479 0.1953563 0.1582437 0.6770264 0.1516709 0.4855051 0.5842790 0.6575622 0.6387606 0.7263568 0.6740413 0.6291680 0.1853574 0.5836858 0.7335612 0.0902848 0.6939445 0.7190751 1.2507488 1.1785287 1.2633953 1.3336179 1.2272326 1.2207196 1.2430571 1.3054375 1.1472021 1.2301369 
NP_001003187.1|Canis_lupus_familiaris       0.0910415 0.1453951 0.0000000 0.1453951 0.1606890 0.1354209 0.1112668 0.2582106 0.2205721 0.1429022 0.1103351 0.0373476 0.6031298 0.0429969 0.3733343 0.5141222 0.5949582 0.5871381 0.6606275 0.6218622 0.5932115 0.1420336 0.5276334 0.6608464 0.1170459 0.6111103 0.6673014 1.2702981 1.1604263 1.2472695 1.2849104 1.1894803 1.1844852 1.2326646 1.2966621 1.1566406 1.2416346 
QTG40775.1|Cloning_vector_pRP-mChery-col1a2 0.1498638 0.0000010 0.1453951 0.0000000 0.1045170 0.1803390 0.1742473 0.3036122 0.2823867 0.1610479 0.1953563 0.1582437 0.6770264 0.1516709 0.4855051 0.5842790 0.6575622 0.6387606 0.7263568 0.6740413 0.6291680 0.1853574 0.5836858 0.7335612 0.0902848 0.6939445 0.7190751 1.2507488 1.1785287 1.2633953 1.3336179 1.2272326 1.2207196 1.2430571 1.3054375 1.1472021 1.2301369 
XP_051007948.1|Acomys_russatus              0.1602605 0.1045170 0.1606890 0.1045170 0.0000000 0.2000147 0.1737197 0.3037448 0.2667424 0.1743075 0.2159164 0.1832299 0.6567734 0.1790443 0.5096014 0.5877930 0.6699858 0.6303646 0.7144053 0.6930607 0.6217515 0.1881954 0.5936202 0.7305640 0.0970911 0.6967092 0.7275749 1.2213182 1.1474737 1.3065258 1.3276015 1.2261005 1.2430284 1.2727891 1.3323685 1.2074126 1.2827631 
XP_049641154.1|Suncus_etruscus              0.1621154 0.1803390 0.1354209 0.1803390 0.2000147 0.0000000 0.2031168 0.2491120 0.2461769 0.1977279 0.1674427 0.1404070 0.6246713 0.1392584 0.4512822 0.5500919 0.6113135 0.6024755 0.6845071 0.6424529 0.6170625 0.2097674 0.5475009 0.6895305 0.1724416 0.6372002 0.6758850 1.2877782 1.1892318 1.2595614 1.2911233 1.1650787 1.1944986 1.2345890 1.2983006 1.1610055 1.2355543 
EAW76795.1|Homo_sapiens                     0.0058657 0.1742473 0.1112668 0.1742473 0.1737197 0.2031168 0.0000000 0.3014958 0.2742579 0.1595447 0.1649339 0.1136016 0.8249381 0.1480997 0.6791259 0.7025679 0.7765055 0.7851484 0.8835000 0.8170089 0.7932744 0.1563527 0.7500835 0.9362412 0.1505514 0.8159659 0.8770614 1.7971200 1.5853427 1.5876621 1.6825599 1.5513668 1.6283246 1.5526467 1.7894633 1.4734607 1.6207121 
XP_028926373.1|Ornithorhynchus_anatinus     0.2540564 0.3036122 0.2582106 0.3036122 0.3037448 0.2491120 0.3014958 0.0000000 0.2443383 0.2722625 0.2947272 0.2630350 0.5305764 0.2535175 0.6181831 0.4772676 0.5036047 0.5043535 0.6245636 0.5760217 0.5391765 0.3056341 0.4840132 0.6080778 0.2838153 0.5672919 0.5798239 1.2365385 1.1490400 1.2410472 1.2634952 1.1493926 1.1790375 1.1987247 1.3051845 1.1502681 1.2346874 
XP_020855640.1|Phascolarctos_cinereus       0.2267971 0.2823867 0.2205721 0.2823867 0.2667424 0.2461769 0.2742579 0.2443383 0.0000000 0.2515523 0.2674061 0.2363562 0.6044889 0.2313092 0.5831691 0.5150898 0.5447891 0.5778934 0.6639863 0.6327634 0.6038693 0.2744166 0.4986488 0.6446622 0.2519355 0.6236018 0.6605449 1.2356252 1.1618724 1.3051532 1.2960180 1.1689982 1.1483624 1.2715576 1.2602961 1.1595117 1.2774577 
KFO23903.1|Fukomys_damarensis               0.1461954 0.1610479 0.1429022 0.1610479 0.1743075 0.1977279 0.1595447 0.2722625 0.2515523 0.0000000 0.1784163 0.1440170 0.6272940 0.1550992 0.4666037 0.5454158 0.6381428 0.6059875 0.6958842 0.6512092 0.6124324 0.1816643 0.5560604 0.6789238 0.1252173 0.6321692 0.6880822 1.2746956 1.1780661 1.2902123 1.2859706 1.1833962 1.2390171 1.2443254 1.3125437 1.1709578 1.2663572 
TEA24756.1|Sousa_chinensis                  0.1336547 0.1953563 0.1103351 0.1953563 0.2159164 0.1674427 0.1649339 0.2947272 0.2674061 0.1784163 0.0000000 0.1152811 0.6447211 0.1261066 0.3269523 0.5557135 0.6238993 0.6411781 0.7036654 0.6608515 0.6453903 0.1848982 0.5417632 0.7095593 0.1797566 0.6322401 0.6858737 1.3343650 1.2405926 1.2687773 1.3241129 1.2285409 1.2518111 1.2423945 1.3055321 1.1672914 1.2760842 
XP_040328586.1|Puma_yagouaroundi            0.0931329 0.1582437 0.0373476 0.1582437 0.1832299 0.1404070 0.1136016 0.2630350 0.2363562 0.1440170 0.1152811 0.0000000 0.6207876 0.0381477 0.1421573 0.5503427 0.6317167 0.5900974 0.6918590 0.6510124 0.6173174 0.1550537 0.5400973 0.6745532 0.1357296 0.6564355 0.6917434 1.3522605 1.2460706 1.3271117 1.4146206 1.2873479 1.2445131 1.3196926 1.3440883 1.1979580 1.3104575 
NP_001080727.1|Xenopus_laevis               0.5979559 0.6770264 0.6031298 0.6770264 0.6567734 0.6246713 0.8249381 0.5305764 0.6044889 0.6272940 0.6447211 0.6207876 0.0000000 0.6132854 1.1559960 0.4073156 0.3483185 0.2347880 0.3574865 0.3513854 0.3045633 0.7911604 0.4420121 0.6027088 0.6772991 0.3500524 0.3344476 1.1360803 1.1740849 1.3006147 1.4038579 1.2497974 1.2625982 1.2698532 1.3725031 1.2126627 1.2797868 
EFB18514.1|Ailuropoda_melanoleuca           0.1059680 0.1516709 0.0429969 0.1516709 0.1790443 0.1392584 0.1480997 0.2535175 0.2313092 0.1550992 0.1261066 0.0381477 0.6132854 0.0000000 0.1035664 0.5359770 0.6172310 0.5846722 0.6778012 0.6502599 0.6155941 0.1573443 0.5168993 0.6752982 0.1322016 0.6406118 0.6724061 1.3777455 1.2548141 1.3527894 1.4217600 1.2978821 1.2457869 1.3239729 1.3365450 1.1946790 1.2974388 
MXQ83349.1|Bos_mutus                        0.4069688 0.4855051 0.3733343 0.4855051 0.5096014 0.4512822 0.6791259 0.6181831 0.5831691 0.4666037 0.3269523 0.1421573 1.1559960 0.1035664 0.0000000 1.0212177 1.1336291 1.1412996 1.2324027 1.1581409 1.1246022 0.6356039 1.0213509 1.1966743 0.4798723 1.1530888 1.2042635 2.1440924 1.9727415 2.1523806 2.2297742 2.0070608 2.0362627 2.0994797 2.1130756 1.8960587 2.1325294 
ADZ04657.1|Ambystoma_mexicanum              0.5238040 0.5842790 0.5141222 0.5842790 0.5877930 0.5500919 0.7025679 0.4772676 0.5150898 0.5454158 0.5557135 0.5503427 0.4073156 0.5359770 1.0212177 0.0000000 0.4250254 0.3934646 0.4646399 0.4778228 0.3989059 0.7035561 0.3758598 0.4887664 0.5872900 0.4445918 0.4491764 1.1522604 1.1985861 1.3217895 1.3093909 1.1962530 1.2122043 1.2961442 1.2967814 1.1749698 1.2287739 
XP_053322408.1|Spea_bombifrons              0.5808294 0.6575622 0.5949582 0.6575622 0.6699858 0.6113135 0.7765055 0.5036047 0.5447891 0.6381428 0.6238993 0.6317167 0.3483185 0.6172310 1.1336291 0.4250254 0.0000000 0.3000770 0.3197370 0.2864172 0.2753413 0.7494367 0.4760278 0.5939103 0.6528656 0.3353778 0.2875894 1.1894341 1.2222948 1.2757515 1.2957537 1.1946727 1.1941158 1.2739067 1.2645300 1.1502562 1.2642293 
KAG8443132.1|Hymenochirus_boettgeri         0.5704060 0.6387606 0.5871381 0.6387606 0.6303646 0.6024755 0.7851484 0.5043535 0.5778934 0.6059875 0.6411781 0.5900974 0.2347880 0.5846722 1.1412996 0.3934646 0.3000770 0.0000000 0.3506812 0.3337686 0.3047626 0.7602317 0.4257662 0.5449458 0.6573286 0.3300221 0.3447818 1.0408015 1.1155460 1.3202541 1.3083419 1.2362513 1.1992695 1.2993530 1.2988090 1.1917383 1.2762285 
KAG9472320.1|Eleutherodactylus_coqui        0.6457200 0.7263568 0.6606275 0.7263568 0.7144053 0.6845071 0.8835000 0.6245636 0.6639863 0.6958842 0.7036654 0.6918590 0.3574865 0.6778012 1.2324027 0.4646399 0.3197370 0.3506812 0.0000000 0.2209713 0.3176641 0.8866934 0.5000980 0.6136953 0.7059844 0.2869161 0.2244522 1.2423936 1.2302093 1.3391207 1.3626680 1.2959246 1.2386901 1.3357896 1.3526176 1.2281524 1.2976078 
XP_040289994.1|Bufo_bufo                    0.6044721 0.6740413 0.6218622 0.6740413 0.6930607 0.6424529 0.8170089 0.5760217 0.6327634 0.6512092 0.6608515 0.6510124 0.3513854 0.6502599 1.1581409 0.4778228 0.2864172 0.3337686 0.2209713 0.0000000 0.2850089 0.7920757 0.4921468 0.6197535 0.6870854 0.2578543 0.2248909 1.1822248 1.1818898 1.3694353 1.3693652 1.2810793 1.2426107 1.3374372 1.3213543 1.2246282 1.2994678 
XP_053570034.1|Bombina_bombina              0.5833361 0.6291680 0.5932115 0.6291680 0.6217515 0.6170625 0.7932744 0.5391765 0.6038693 0.6124324 0.6453903 0.6173174 0.3045633 0.6155941 1.1246022 0.3989059 0.2753413 0.3047626 0.3176641 0.2850089 0.0000000 0.7525203 0.4301845 0.5468182 0.6326874 0.3027474 0.3028425 1.0830491 1.1151279 1.3444629 1.3349254 1.2619483 1.2294577 1.3426576 1.3325843 1.2005802 1.2236408 
C0HLJ6.1|Megatherium_americanum             0.1579866 0.1853574 0.1420336 0.1853574 0.1881954 0.2097674 0.1563527 0.3056341 0.2744166 0.1816643 0.1848982 0.1550537 0.7911604 0.1573443 0.6356039 0.7035561 0.7494367 0.7602317 0.8866934 0.7920757 0.7525203 0.0000000 0.6795058 0.8796507 0.1538852 0.8429263 0.8786099 1.6198832 1.5002079 1.5665808 1.6671908 1.5162866 1.5738016 1.5214162 1.6672099 1.4357724 1.5927674 
XP_029444760.1|Rhinatrema_bivittatum        0.5321235 0.5836858 0.5276334 0.5836858 0.5936202 0.5475009 0.7500835 0.4840132 0.4986488 0.5560604 0.5417632 0.5400973 0.4420121 0.5168993 1.0213509 0.3758598 0.4760278 0.4257662 0.5000980 0.4921468 0.4301845 0.6795058 0.0000000 0.3495084 0.5727107 0.5133597 0.4983009 1.1132909 1.1299196 1.2956070 1.3403751 1.3225110 1.2846421 1.2739049 1.3493779 1.1800296 1.2540223 
XP_030056470.1|Microcaecilia_unicolor       0.6481170 0.7335612 0.6608464 0.7335612 0.7305640 0.6895305 0.9362412 0.6080778 0.6446622 0.6789238 0.7095593 0.6745532 0.6027088 0.6752982 1.1966743 0.4887664 0.5939103 0.5449458 0.6136953 0.6197535 0.5468182 0.8796507 0.3495084 0.0000000 0.7359501 0.6055722 0.6286083 1.2748030 1.3330776 1.5059930 1.5786949 1.4446798 1.4809820 1.5049991 1.5712607 1.3851164 1.4355788 
XP_029414203.1|Nannospalax_galili           0.1295677 0.0902848 0.1170459 0.0902848 0.0970911 0.1724416 0.1505514 0.2838153 0.2519355 0.1252173 0.1797566 0.1357296 0.6772991 0.1322016 0.4798723 0.5872900 0.6528656 0.6573286 0.7059844 0.6870854 0.6326874 0.1538852 0.5727107 0.7359501 0.0000000 0.6672959 0.7094601 1.2467284 1.1419341 1.3519072 1.4593477 1.3490386 1.3113722 1.3131485 1.3881661 1.2742850 1.3572575 
XP_018416270.1|Nanorana_parkeri             0.5963940 0.6939445 0.6111103 0.6939445 0.6967092 0.6372002 0.8159659 0.5672919 0.6236018 0.6321692 0.6322401 0.6564355 0.3500524 0.6406118 1.1530888 0.4445918 0.3353778 0.3300221 0.2869161 0.2578543 0.3027474 0.8429263 0.5133597 0.6055722 0.6672959 0.0000000 0.2618544 1.1901917 1.2137755 1.3632096 1.3514259 1.2692650 1.1753172 1.3266981 1.2768453 1.1839926 1.3071586 
KAG8548509.1|Engystomops_pustulosus         0.6378077 0.7190751 0.6673014 0.7190751 0.7275749 0.6758850 0.8770614 0.5798239 0.6605449 0.6880822 0.6858737 0.6917434 0.3344476 0.6724061 1.2042635 0.4491764 0.2875894 0.3447818 0.2244522 0.2248909 0.3028425 0.8786099 0.4983009 0.6286083 0.7094601 0.2618544 0.0000000 1.2007664 1.1986334 1.3241721 1.2905657 1.2462995 1.2302964 1.3208286 1.3174744 1.1797550 1.2986891 
XP_041040372.1|Carcharodon_carcharias       1.2305995 1.2507488 1.2702981 1.2507488 1.2213182 1.2877782 1.7971200 1.2365385 1.2356252 1.2746956 1.3343650 1.3522605 1.1360803 1.3777455 2.1440924 1.1522604 1.1894341 1.0408015 1.2423936 1.1822248 1.0830491 1.6198832 1.1132909 1.2748030 1.2467284 1.1901917 1.2007664 0.0000000 0.3341453 1.4386866 1.3646524 1.2951755 1.2490342 1.4408028 1.3594685 1.4192752 1.5287654 
XP_020371053.1|Rhincodon_typus              1.1562580 1.1785287 1.1604263 1.1785287 1.1474737 1.1892318 1.5853427 1.1490400 1.1618724 1.1780661 1.2405926 1.2460706 1.1740849 1.2548141 1.9727415 1.1985861 1.2222948 1.1155460 1.2302093 1.1818898 1.1151279 1.5002079 1.1299196 1.3330776 1.1419341 1.2137755 1.1986334 0.3341453 0.0000000 1.3625738 1.3299582 1.2283770 1.1925632 1.3956567 1.2856055 1.3392321 1.4418231 
XP_035510856.1|Morone_saxatilis             1.2367739 1.2633953 1.2472695 1.2633953 1.3065258 1.2595614 1.5876621 1.2410472 1.3051532 1.2902123 1.2687773 1.3271117 1.3006147 1.3527894 2.1523806 1.3217895 1.2757515 1.3202541 1.3391207 1.3694353 1.3444629 1.5665808 1.2956070 1.5059930 1.3519072 1.3632096 1.3241721 1.4386866 1.3625738 0.0000000 0.7442728 0.6723226 0.6660083 0.1049314 0.7306739 0.3882715 0.5085403 
UNJ97021.1|Eptatretus_burgeri               1.2816760 1.3336179 1.2849104 1.3336179 1.3276015 1.2911233 1.6825599 1.2634952 1.2960180 1.2859706 1.3241129 1.4146206 1.4038579 1.4217600 2.2297742 1.3093909 1.2957537 1.3083419 1.3626680 1.3693652 1.3349254 1.6671908 1.3403751 1.5786949 1.4593477 1.3514259 1.2905657 1.3646524 1.3299582 0.7442728 0.0000000 0.4030521 0.4503124 0.7556715 0.4560376 0.6612545 0.8311497 
XP_032813113.1|Petromyzon_marinus           1.1809490 1.2272326 1.1894803 1.2272326 1.2261005 1.1650787 1.5513668 1.1493926 1.1689982 1.1833962 1.2285409 1.2873479 1.2497974 1.2978821 2.0070608 1.1962530 1.1946727 1.2362513 1.2959246 1.2810793 1.2619483 1.5162866 1.3225110 1.4446798 1.3490386 1.2692650 1.2462995 1.2951755 1.2283770 0.6723226 0.4030521 0.0000000 0.3569443 0.6884386 0.3739304 0.6280337 0.8094095 
XP_053311794.1|Spea_bombifrons              1.1881558 1.2207196 1.1844852 1.2207196 1.2430284 1.1944986 1.6283246 1.1790375 1.1483624 1.2390171 1.2518111 1.2445131 1.2625982 1.2457869 2.0362627 1.2122043 1.1941158 1.1992695 1.2386901 1.2426107 1.2294577 1.5738016 1.2846421 1.4809820 1.3113722 1.1753172 1.2302964 1.2490342 1.1925632 0.6660083 0.4503124 0.3569443 0.0000000 0.6571136 0.1606773 0.6264048 0.7567516 
XP_045926300.1|Micropterus_dolomieu         1.2182948 1.2430571 1.2326646 1.2430571 1.2727891 1.2345890 1.5526467 1.1987247 1.2715576 1.2443254 1.2423945 1.3196926 1.2698532 1.3239729 2.0994797 1.2961442 1.2739067 1.2993530 1.3357896 1.3374372 1.3426576 1.5214162 1.2739049 1.5049991 1.3131485 1.3266981 1.3208286 1.4408028 1.3956567 0.1049314 0.7556715 0.6884386 0.6571136 0.0000000 0.7247874 0.4102496 0.5191608 
XP_033794799.1|Geotrypetes_seraphini        1.2778177 1.3054375 1.2966621 1.3054375 1.3323685 1.2983006 1.7894633 1.3051845 1.2602961 1.3125437 1.3055321 1.3440883 1.3725031 1.3365450 2.1130756 1.2967814 1.2645300 1.2988090 1.3526176 1.3213543 1.3325843 1.6672099 1.3493779 1.5712607 1.3881661 1.2768453 1.3174744 1.3594685 1.2856055 0.7306739 0.4560376 0.3739304 0.1606773 0.7247874 0.0000000 0.6926286 0.8162672 
TFK10573.1|Platysternon_megacephalum        1.1643620 1.1472021 1.1566406 1.1472021 1.2074126 1.1610055 1.4734607 1.1502681 1.1595117 1.1709578 1.1672914 1.1979580 1.2126627 1.1946790 1.8960587 1.1749698 1.1502562 1.1917383 1.2281524 1.2246282 1.2005802 1.4357724 1.1800296 1.3851164 1.2742850 1.1839926 1.1797550 1.4192752 1.3392321 0.3882715 0.6612545 0.6280337 0.6264048 0.4102496 0.6926286 0.0000000 0.5328484 
XP_043869618.1|Solea_senegalensis           1.2627649 1.2301369 1.2416346 1.2301369 1.2827631 1.2355543 1.6207121 1.2346874 1.2774577 1.2663572 1.2760842 1.3104575 1.2797868 1.2974388 2.1325294 1.2287739 1.2642293 1.2762285 1.2976078 1.2994678 1.2236408 1.5927674 1.2540223 1.4355788 1.3572575 1.3071586 1.2986891 1.5287654 1.4418231 0.5085403 0.8311497 0.8094095 0.7567516 0.5191608 0.8162672 0.5328484 0.0000000 
